numVert 100
vertex numNeighbors neighbors
0 70 1 3 4 6 8 10 11 12 14 17 19 24 25 26 27 28 33 34 36 37 38 39 40 44 47 49 51 55 56 59 63 65 66 67 69 70 71 73 74 77 81 82 84 86 87 90 91 93 95 97 98 5 7 15 16 20 21 23 32 46 48 50 52 62 64 68 79 85 94 96 
1 61 0 4 10 12 13 15 16 17 18 20 21 23 25 29 32 34 49 55 57 58 65 67 68 72 73 74 78 79 85 88 91 93 95 96 98 99 2 3 8 22 27 31 33 35 36 39 40 43 45 47 48 51 53 56 62 69 71 75 77 83 92 
2 60 1 4 7 11 12 13 19 20 21 22 24 26 27 28 31 33 36 40 42 43 45 46 51 52 64 65 66 68 72 73 75 76 79 84 87 91 8 9 10 32 34 38 47 49 53 54 56 58 61 63 67 69 70 80 85 88 94 95 96 99 
3 63 0 1 5 6 8 9 11 15 16 17 21 22 23 25 30 31 44 45 51 52 55 63 64 67 70 72 73 74 77 84 85 88 89 90 92 96 97 98 4 10 13 18 24 26 34 40 41 42 46 47 48 49 53 59 60 61 68 71 80 81 86 94 99 
4 57 0 1 2 3 5 8 9 11 14 20 23 24 26 29 33 36 37 44 46 48 49 50 51 53 55 56 60 64 66 67 69 73 74 81 84 90 91 92 97 7 17 27 30 31 34 35 40 41 42 43 57 59 63 72 76 87 94 
5 63 3 4 0 7 8 12 16 21 22 24 25 32 34 40 41 43 46 47 48 49 53 54 55 57 63 64 65 66 67 68 70 75 76 83 84 85 86 91 92 93 99 11 15 19 20 27 28 29 31 35 38 39 42 45 50 51 60 71 72 74 81 82 96 
6 53 0 3 10 11 13 19 21 23 24 29 31 32 34 40 41 42 43 47 49 53 54 58 59 61 65 66 67 69 72 73 78 79 81 89 94 16 33 35 36 38 39 46 52 56 57 60 62 63 74 75 76 97 99 
7 63 2 5 0 4 8 10 11 17 21 23 24 25 29 30 31 33 37 38 41 42 45 46 48 50 51 52 57 59 61 66 68 69 70 71 72 76 81 86 91 93 94 98 99 9 19 22 27 28 32 34 35 39 43 53 58 62 63 65 73 75 78 87 96 
8 61 0 3 4 5 7 1 2 9 11 14 17 19 23 24 28 35 43 44 46 47 48 49 55 56 58 63 64 65 68 71 72 78 82 88 92 94 95 96 97 10 15 16 21 25 26 32 33 34 37 40 41 51 52 53 57 59 67 87 90 93 99 
9 71 3 4 8 2 7 12 16 21 22 26 27 28 31 32 36 37 38 39 41 46 49 51 52 53 56 57 58 59 61 63 67 69 74 75 80 81 83 86 89 90 92 94 97 99 14 15 18 19 23 25 30 33 34 40 47 55 66 68 70 71 76 77 79 82 84 85 87 88 91 93 95 
10 70 0 1 6 7 2 3 8 11 13 16 21 23 24 26 27 29 31 32 36 37 38 40 42 45 47 48 49 56 57 58 59 61 66 68 72 73 75 76 77 79 82 84 86 87 88 93 95 96 99 12 14 18 20 25 28 33 34 41 44 51 52 54 62 74 80 81 85 89 91 92 
11 67 0 2 3 4 6 7 8 10 5 15 16 17 18 19 24 25 26 27 29 31 32 34 36 38 40 41 43 44 46 48 51 53 54 55 56 59 67 70 72 73 75 77 82 84 85 86 88 91 92 93 94 97 98 99 20 22 33 35 37 39 58 62 71 76 80 87 90 
12 63 0 1 2 5 9 10 13 14 18 19 20 22 23 26 27 29 31 34 35 40 42 45 46 47 48 52 53 55 59 62 63 65 66 69 71 73 75 76 79 80 84 88 89 92 93 94 16 17 32 33 50 58 60 67 70 78 81 82 83 86 87 90 91 
13 53 1 2 6 10 12 3 14 15 17 24 26 31 32 37 39 41 43 44 51 59 62 63 71 73 77 80 91 98 22 23 28 29 30 38 47 48 49 56 57 65 68 69 72 74 76 79 81 82 84 88 92 93 95 
14 62 0 4 8 12 13 9 10 17 19 20 21 23 25 30 31 33 34 35 36 39 40 42 45 47 48 50 52 53 54 55 62 65 67 72 74 77 79 81 87 92 99 16 18 26 28 32 37 38 43 61 66 68 70 75 82 84 85 88 89 96 97 98 
15 63 1 3 11 13 0 5 8 9 18 20 24 25 26 29 31 34 39 43 45 47 53 54 63 65 66 67 72 73 74 75 76 78 82 83 86 88 89 90 91 94 98 16 19 27 28 32 33 35 37 38 44 48 52 59 60 61 62 64 68 69 71 79 95 
16 65 1 3 5 9 10 11 0 6 8 12 14 15 18 23 24 31 33 36 38 41 43 47 51 54 56 59 62 64 70 71 72 75 77 78 80 81 82 84 87 88 90 92 93 94 95 98 27 30 32 34 40 44 45 46 49 53 63 65 66 67 69 79 86 97 99 
17 58 0 1 3 7 8 11 13 14 4 12 20 24 25 27 33 34 35 36 38 39 43 45 46 47 49 53 54 55 57 59 61 63 65 68 69 70 71 82 86 90 96 99 21 23 30 31 32 40 41 58 66 67 76 77 79 87 93 98 
18 64 1 11 12 15 16 3 9 10 14 20 21 22 23 24 26 28 31 34 35 36 42 43 44 48 53 54 55 60 61 62 66 70 71 75 76 78 79 82 83 84 87 92 93 96 98 99 27 29 30 33 39 40 41 52 56 58 65 72 73 74 89 90 94 95 
19 60 0 2 6 8 11 12 14 5 7 9 15 23 25 26 29 31 32 33 36 37 39 40 42 47 48 50 51 59 60 61 63 64 70 71 73 76 78 79 86 87 91 92 95 99 27 28 30 34 35 49 52 55 66 67 69 77 84 85 89 90 
20 66 1 2 4 12 14 15 17 18 0 5 10 11 22 24 26 28 30 36 37 38 41 42 48 50 53 54 58 60 62 67 68 72 74 79 83 84 87 91 93 95 99 21 23 25 27 29 39 40 43 45 52 55 56 61 63 64 66 73 75 76 80 81 88 94 96 98 
21 62 1 2 3 5 6 7 9 10 14 18 0 8 17 20 24 25 27 30 33 34 38 39 42 45 47 49 51 52 54 56 57 63 64 71 72 75 76 81 82 84 88 90 93 97 99 22 26 31 35 36 40 48 50 58 59 77 78 87 89 91 92 95 
22 56 2 3 5 9 12 18 20 1 7 11 13 21 25 29 30 34 35 37 39 41 43 45 47 48 49 52 57 63 67 71 73 74 76 77 78 81 85 91 96 97 99 27 36 50 51 53 54 55 59 64 80 82 83 86 87 98 
23 64 1 3 4 6 7 8 10 12 14 16 18 19 0 9 13 17 20 24 27 29 31 34 35 37 38 46 49 51 52 53 55 58 63 64 65 72 74 75 76 83 92 93 95 26 28 33 42 43 44 45 48 54 67 71 73 78 82 84 86 87 88 89 96 99 
24 67 0 2 4 5 6 7 8 10 11 13 15 16 17 18 20 21 23 3 31 32 33 36 38 39 41 49 50 51 54 56 57 58 59 60 63 64 66 67 69 70 74 79 83 84 86 87 92 93 95 96 97 98 99 34 35 40 46 53 68 72 76 77 85 88 89 91 94 
25 66 0 1 3 5 7 11 14 15 17 19 21 22 8 9 10 20 29 30 31 32 36 37 38 40 44 45 46 48 62 65 66 68 71 74 76 77 80 83 84 85 86 88 89 90 91 93 94 96 97 99 28 34 43 49 50 52 54 55 56 61 63 67 75 79 92 95 
26 66 0 2 4 9 10 11 12 13 15 18 19 20 3 8 14 21 23 28 30 31 32 34 35 37 40 43 44 46 47 48 49 53 54 59 60 62 63 65 68 73 74 79 80 83 86 87 89 96 97 29 36 39 41 50 58 67 69 70 75 76 78 84 88 92 93 95 
27 67 0 2 9 10 11 12 17 21 23 1 4 5 7 15 16 18 19 20 22 28 29 32 33 37 44 46 47 50 52 53 59 63 67 68 69 75 76 80 83 89 90 92 99 30 34 40 41 45 49 54 57 58 64 65 71 73 74 78 81 82 84 85 86 88 93 96 98 
28 70 0 2 8 9 18 20 26 27 5 7 10 13 14 15 19 23 25 29 30 31 34 37 38 39 43 45 47 48 51 53 54 57 64 69 70 72 74 75 76 77 80 84 88 92 93 97 32 35 40 41 44 46 50 55 58 59 60 61 63 65 67 71 78 79 81 86 89 91 96 98 
29 64 1 4 6 7 10 11 12 15 19 22 23 25 27 28 5 13 18 20 26 33 37 38 42 44 45 46 49 52 54 57 59 61 66 67 68 69 71 72 73 74 77 78 81 82 85 87 89 90 93 94 98 43 47 48 51 53 56 60 62 75 83 88 96 97 
30 61 3 7 14 20 21 22 25 26 28 4 9 13 16 17 18 19 27 31 35 36 39 40 41 47 48 49 50 52 59 63 64 65 71 79 83 85 86 87 88 90 92 96 97 37 38 42 55 56 61 67 72 73 74 75 76 81 82 91 95 98 99 
31 72 2 3 6 7 9 10 11 12 13 14 15 16 18 19 23 24 25 26 28 30 1 4 5 17 21 32 33 35 36 40 41 42 44 45 48 50 55 56 58 59 64 65 66 68 69 72 73 75 77 79 80 83 88 89 91 92 95 97 37 38 39 53 67 74 76 81 84 85 87 90 93 96 
32 66 1 5 6 9 10 11 13 19 24 25 26 27 31 0 2 7 8 12 14 15 16 17 28 33 35 38 40 41 42 45 46 47 49 52 64 65 66 67 68 70 72 74 75 76 77 78 79 81 85 86 87 88 89 93 95 50 51 55 71 80 90 94 96 97 98 99 
33 64 0 2 4 7 14 16 17 19 21 24 27 29 31 32 1 6 8 9 10 11 12 15 18 23 35 36 38 42 46 49 51 53 54 56 58 61 64 65 72 75 76 80 84 88 90 91 96 34 40 45 50 57 59 60 62 66 68 70 71 83 86 93 94 95 
34 64 0 1 5 6 11 12 14 15 17 18 21 22 23 26 28 2 3 4 7 8 9 10 16 19 24 25 27 33 36 38 40 43 48 50 51 53 54 55 56 59 60 61 62 64 68 69 77 96 97 98 35 37 39 44 46 47 66 71 74 80 83 85 93 94 
35 67 8 12 14 17 18 22 23 26 30 31 32 33 1 4 5 6 7 11 15 19 21 24 28 34 38 39 43 55 56 58 62 64 68 72 73 77 80 81 85 89 92 93 96 40 41 45 47 52 53 57 59 60 65 67 69 70 78 79 83 84 86 87 88 90 94 98 99 
36 65 0 2 4 9 10 11 14 16 17 18 19 20 24 25 30 31 33 34 1 6 21 22 26 37 39 42 44 45 46 47 51 52 55 58 59 60 64 65 66 70 72 73 74 76 77 79 80 83 88 89 90 91 96 38 40 43 49 50 53 61 68 71 92 98 99 
37 66 0 4 7 9 10 13 19 20 22 23 25 26 27 28 29 36 8 11 14 15 30 31 34 38 39 40 45 47 51 52 53 54 56 57 60 62 65 67 69 73 74 75 78 80 83 86 87 92 94 99 46 48 49 59 63 64 68 70 72 76 77 79 85 89 90 97 
38 70 0 7 9 10 11 16 17 20 21 23 24 25 28 29 32 33 34 35 37 2 5 6 13 14 15 30 31 36 39 40 41 43 49 50 51 52 57 59 60 61 62 64 65 66 67 68 70 71 72 73 75 77 82 83 85 92 93 94 44 45 48 55 56 63 69 84 88 90 91 95 
39 62 0 9 13 14 15 17 19 21 22 24 28 30 35 36 37 38 1 5 6 7 11 18 20 26 31 34 40 44 54 60 63 64 65 67 70 75 78 79 81 83 84 91 92 93 96 97 99 42 43 47 49 50 51 55 61 66 69 80 87 90 95 98 
40 66 0 2 5 6 10 11 12 14 19 25 26 30 31 32 34 37 38 39 1 3 4 8 9 16 17 18 20 21 24 27 28 33 35 36 44 52 53 58 59 65 72 74 76 78 80 90 93 95 96 98 43 51 55 56 57 61 63 67 73 79 81 82 85 88 89 94 
41 62 5 6 7 9 11 13 16 20 22 24 30 31 32 38 3 4 8 10 17 18 26 27 28 35 45 46 50 52 54 55 59 63 64 65 70 73 78 79 83 88 93 96 98 42 44 47 48 49 53 61 62 69 71 72 75 80 81 87 89 91 92 97 
42 59 2 6 7 10 12 14 18 19 20 21 29 31 32 33 36 3 4 5 23 30 39 41 44 50 54 56 57 58 66 71 73 75 76 80 81 82 84 85 86 87 89 90 95 97 98 45 49 53 60 62 67 69 77 79 88 91 93 94 96 
43 57 2 5 6 8 11 13 15 16 17 18 22 26 28 34 35 38 1 4 7 14 20 23 25 29 36 39 40 48 50 51 52 54 55 58 59 67 69 73 75 76 79 81 82 85 86 88 92 93 94 97 61 63 66 83 84 91 99 
44 62 0 3 4 8 11 13 18 25 26 27 29 31 36 39 40 42 10 15 16 23 28 34 38 41 46 48 52 53 55 56 57 60 61 62 65 66 67 69 72 73 78 79 82 84 86 89 90 94 97 49 50 51 54 70 74 80 83 85 87 88 91 93 
45 63 2 3 7 10 12 14 15 17 21 22 25 28 29 31 32 36 37 41 1 5 16 20 23 27 33 35 38 42 48 50 51 55 56 57 59 60 61 63 64 65 70 72 74 76 78 79 80 82 84 85 90 93 96 98 46 47 52 54 68 69 87 94 99 
46 60 2 4 5 7 8 9 11 12 17 23 25 26 27 29 32 33 36 41 44 0 3 6 16 24 28 34 37 45 47 48 51 56 57 58 59 66 69 74 85 86 88 90 92 94 95 96 49 50 52 63 64 68 77 78 82 84 89 91 93 97 
47 58 0 5 6 8 10 12 14 15 16 17 19 21 22 26 27 28 30 32 36 37 46 1 2 3 9 13 29 34 35 39 41 45 49 51 52 56 62 64 70 71 74 75 82 84 86 94 96 48 53 55 61 63 66 72 80 81 88 99 
48 63 4 5 7 8 10 11 12 14 18 19 20 22 25 26 28 30 31 34 43 44 45 46 0 1 3 13 15 21 23 29 37 38 41 47 50 53 54 56 57 60 61 64 65 68 69 70 73 74 75 77 84 85 96 98 99 51 58 62 72 76 78 90 92 
49 60 0 1 4 5 6 8 9 10 17 21 22 23 24 26 29 30 32 33 38 47 2 3 13 16 19 25 27 36 37 39 41 42 44 46 52 54 55 68 71 74 78 83 84 90 97 98 99 50 58 60 61 64 66 69 75 80 81 89 92 95 
50 67 4 7 14 19 20 24 27 30 31 34 38 41 42 43 45 48 0 5 12 21 22 25 26 28 32 33 36 39 44 46 49 51 56 58 60 62 64 67 68 70 73 77 78 80 84 90 93 94 96 98 99 53 55 57 61 65 66 69 71 74 76 81 83 87 88 89 91 
51 67 0 2 3 4 7 9 11 13 16 19 21 23 24 28 33 34 36 37 38 43 45 46 47 50 1 5 8 10 22 29 32 39 40 44 48 52 53 55 59 62 63 65 67 68 70 71 72 76 77 79 82 83 88 89 91 92 97 56 61 64 73 81 85 86 93 94 98 
52 71 2 3 7 9 12 14 21 22 23 27 29 30 32 36 37 38 40 41 43 44 47 49 51 0 6 8 10 15 18 19 20 25 35 45 46 53 54 56 57 60 62 63 67 70 72 74 75 80 82 83 85 87 93 94 95 97 98 55 64 66 69 73 76 77 79 86 88 89 90 91 92 
53 70 4 5 6 9 11 12 14 15 17 18 20 23 26 27 28 33 34 37 40 44 48 51 52 1 2 3 7 8 16 22 24 29 31 35 36 41 42 47 50 56 58 61 62 65 66 68 69 70 71 81 86 87 88 90 93 94 54 59 60 64 67 72 79 80 82 85 89 92 95 97 
54 56 5 6 11 14 15 16 17 18 20 21 24 26 28 29 33 34 37 39 41 42 43 48 49 52 2 10 22 23 25 27 44 45 53 62 64 66 71 72 74 75 76 78 85 86 87 89 91 94 63 65 77 82 88 96 97 98 
55 65 0 1 3 4 5 8 11 12 14 17 18 23 31 34 35 36 41 43 44 45 49 51 9 19 20 22 25 28 30 32 38 39 40 47 50 52 56 58 60 61 62 73 76 78 81 84 87 89 92 94 97 98 99 59 63 64 66 70 72 74 75 80 83 86 91 
56 62 0 4 8 9 10 11 16 21 24 31 33 34 35 37 42 44 45 46 47 48 50 52 53 55 1 2 6 13 18 20 25 29 30 38 40 51 57 70 73 76 77 79 81 82 86 87 88 89 91 94 96 59 62 64 66 74 75 78 85 90 92 95 
57 52 1 5 7 9 10 17 21 22 24 28 29 37 38 42 44 45 46 48 52 56 4 6 8 13 27 33 35 40 50 58 64 65 68 77 78 79 81 86 87 88 89 94 99 60 62 66 74 76 83 90 92 95 
58 57 1 6 8 9 10 20 23 24 31 33 35 36 40 42 43 46 50 53 55 57 2 7 11 12 17 18 21 26 27 28 48 49 59 60 65 70 72 73 75 79 82 83 88 90 93 96 97 62 67 74 77 81 85 91 94 95 98 
59 72 0 6 7 9 10 11 12 13 16 17 19 24 26 27 29 30 31 34 36 38 40 41 43 45 46 51 58 3 4 8 15 21 22 28 33 35 37 53 55 56 60 61 62 63 66 67 68 70 75 77 79 80 84 85 86 87 89 93 95 96 64 65 69 72 74 82 83 88 90 94 97 98 
60 55 4 18 19 20 24 26 34 36 37 38 39 44 45 48 50 52 55 58 59 3 5 6 12 15 28 29 33 35 42 49 53 57 61 62 66 67 71 79 80 81 82 83 84 88 95 64 65 72 73 75 76 87 89 90 93 
61 60 6 7 9 10 17 18 19 29 33 34 38 44 45 48 53 55 59 60 2 3 14 15 20 25 28 30 36 39 40 41 43 47 49 50 51 62 63 65 66 71 73 74 75 76 78 80 95 96 97 98 99 64 67 68 72 79 82 83 88 90 
62 57 12 13 14 16 18 20 25 26 34 35 37 38 44 47 50 51 52 53 54 55 59 60 61 0 1 6 7 10 11 15 29 33 41 42 48 56 57 58 64 66 67 73 74 78 80 86 88 89 92 98 99 63 69 70 76 85 96 
63 64 0 3 5 8 9 12 13 15 17 19 21 22 23 24 26 27 30 39 41 45 51 52 59 61 2 4 6 7 16 20 25 28 37 38 40 43 46 47 54 55 62 64 69 70 77 82 85 87 88 96 99 65 68 73 74 78 81 84 90 91 93 94 97 98 
64 71 2 3 4 5 8 16 19 21 23 24 28 30 31 32 33 34 35 36 38 39 41 45 47 48 50 54 57 62 63 0 15 20 22 27 37 46 49 51 52 53 55 56 59 60 61 66 67 68 69 72 78 81 83 88 89 91 93 97 98 71 74 75 76 80 82 84 85 90 92 94 96 
65 65 0 1 2 5 6 8 12 14 15 17 23 25 26 30 31 32 33 36 37 38 39 40 41 44 45 48 51 53 57 58 61 7 13 16 18 27 28 35 50 54 59 60 63 66 70 72 73 77 81 82 84 88 89 90 93 95 76 79 83 86 91 92 96 97 98 
66 66 0 2 4 5 6 7 10 12 15 18 24 25 29 31 32 36 38 42 44 46 53 54 59 60 61 62 64 65 9 14 16 17 19 20 33 34 39 43 47 49 50 52 55 56 57 67 68 70 73 75 77 81 82 83 88 91 92 98 69 71 76 79 84 89 93 94 
67 64 0 1 3 4 5 6 9 11 14 15 20 22 24 27 29 32 37 38 39 43 44 50 51 52 59 60 62 64 66 2 8 12 16 17 19 23 25 26 28 30 31 35 40 42 53 58 61 68 72 80 81 82 83 92 94 95 70 73 75 87 89 91 93 98 
68 61 1 2 5 7 8 10 17 20 25 26 27 29 31 32 34 35 38 48 49 50 51 53 57 59 64 66 67 0 3 9 13 14 15 24 33 36 37 45 46 61 63 69 74 77 82 84 88 91 92 93 99 70 72 76 80 81 83 85 87 89 95 
69 59 0 4 6 7 9 12 17 24 27 28 29 31 34 37 43 44 46 48 53 63 64 68 1 2 13 15 16 19 26 35 38 39 41 42 45 49 50 52 59 62 66 71 72 74 76 77 78 81 83 84 85 87 88 91 94 95 98 70 73 
70 65 0 3 5 7 11 16 17 18 19 24 28 32 36 38 39 41 45 47 48 50 51 52 53 56 58 59 63 65 66 2 9 12 14 26 33 35 37 44 55 62 67 68 69 74 77 78 83 85 89 90 91 92 94 96 98 72 73 79 80 81 87 88 93 95 99 
71 62 0 7 8 12 13 16 17 18 19 21 22 25 29 30 38 42 47 49 51 53 54 60 61 69 1 3 5 9 11 15 23 27 28 32 33 34 36 41 50 64 66 72 75 80 81 82 85 86 87 89 90 91 92 93 94 96 97 73 74 84 95 98 
72 68 1 2 3 6 7 8 10 11 14 15 16 20 21 23 28 29 31 32 33 35 36 38 40 44 45 51 52 54 58 64 65 67 69 71 4 5 13 18 24 30 37 41 47 48 53 55 59 60 61 68 70 74 75 77 87 88 90 93 96 73 79 80 81 85 89 91 94 97 
73 64 0 1 2 3 4 6 10 11 12 13 15 19 22 26 29 31 35 36 37 38 41 42 43 44 48 50 55 56 58 61 62 65 66 7 18 20 23 27 30 40 51 52 60 63 67 69 70 71 72 74 81 86 88 91 93 94 95 98 83 84 85 89 90 99 
74 65 0 1 3 4 9 14 15 20 22 23 24 25 26 28 29 32 36 37 40 45 46 47 48 49 52 54 61 62 68 69 70 72 73 5 6 10 13 18 27 30 31 34 44 50 55 56 57 58 59 63 64 71 77 80 81 83 86 88 89 94 76 79 87 92 93 
75 63 2 5 9 10 11 12 15 16 18 21 23 27 28 31 32 33 37 38 39 42 43 47 48 52 54 58 59 61 66 71 72 1 6 7 14 20 25 26 29 30 41 49 55 56 60 64 67 77 78 82 87 89 92 93 94 95 96 97 79 85 90 98 99 
76 61 2 5 7 10 12 15 18 19 21 22 23 25 27 28 32 33 36 40 42 43 45 51 54 55 56 61 69 4 6 9 11 13 17 20 24 26 30 31 37 48 50 52 57 60 62 64 65 66 68 74 80 82 86 89 90 95 96 99 77 84 91 
77 59 0 3 10 11 13 14 16 22 25 28 29 31 32 34 35 36 38 48 50 51 56 57 59 63 65 66 68 69 70 72 74 75 1 9 17 19 21 24 37 42 46 52 54 58 76 79 81 82 84 86 87 92 96 98 99 78 85 95 97 
78 54 1 6 8 15 16 18 19 22 29 32 37 39 40 41 44 45 49 50 54 55 57 61 62 64 69 70 75 7 12 21 23 26 27 28 35 46 48 56 63 77 81 83 85 91 94 97 80 84 87 89 92 95 98 99 
79 63 1 2 6 10 12 14 18 19 20 24 26 30 31 32 36 39 41 43 44 45 51 56 57 58 59 60 77 0 9 13 15 16 17 25 28 35 37 40 42 52 53 61 65 66 70 72 74 75 81 82 84 87 88 89 91 94 95 96 98 83 92 97 99 
80 61 9 12 13 16 25 26 27 28 31 33 35 36 37 40 42 45 50 52 59 60 61 62 67 71 74 76 2 3 10 11 20 22 32 34 39 41 44 47 49 53 55 64 68 70 72 78 81 82 88 91 93 97 98 83 84 86 87 89 90 95 99 
81 62 0 4 6 7 9 14 16 21 22 29 32 35 39 42 43 53 55 56 57 60 64 65 66 67 69 71 73 74 77 78 79 80 3 5 10 12 13 20 27 28 30 31 40 41 47 49 50 51 58 63 68 70 72 87 90 92 97 98 83 88 93 96 
82 59 0 8 10 11 15 16 17 18 21 29 38 42 43 44 45 47 51 52 56 58 60 63 65 66 67 68 71 75 76 77 79 80 5 9 12 13 14 22 23 27 30 40 46 53 54 59 61 64 83 84 89 91 94 87 90 95 97 98 99 
83 61 5 9 15 18 20 23 24 25 26 27 30 31 36 37 38 39 41 49 51 52 58 60 64 66 67 69 70 74 78 82 1 12 22 29 33 34 35 43 44 50 55 57 59 61 65 68 73 79 80 81 84 89 90 95 96 88 92 93 94 98 99 
84 64 0 2 3 4 5 10 11 12 16 18 20 21 24 25 28 33 39 42 44 45 47 48 49 50 55 59 60 65 68 69 77 79 82 83 9 13 14 19 23 26 27 31 35 38 43 46 63 64 66 71 73 76 78 80 85 86 88 89 90 92 94 96 99 91 
85 57 1 3 5 11 22 25 29 30 32 35 38 42 43 45 46 48 52 54 59 63 69 70 71 78 84 0 2 9 10 14 19 24 27 31 34 37 40 44 51 53 56 58 62 64 68 72 73 75 77 87 90 91 95 97 86 89 93 
86 55 0 5 7 9 10 11 15 17 19 24 25 26 30 32 37 42 43 44 46 47 53 54 56 57 59 62 71 73 74 76 77 84 3 12 16 22 23 27 28 33 35 51 52 55 65 80 85 88 96 98 99 89 90 93 97 
87 61 0 2 10 14 16 18 19 20 24 26 29 30 32 37 42 52 53 54 55 56 57 59 63 69 71 72 75 77 79 81 85 4 7 8 9 11 12 17 21 22 23 31 35 39 41 44 45 50 60 67 68 70 74 78 80 82 89 95 96 90 92 
88 69 1 3 8 10 11 12 15 16 21 25 28 30 31 32 33 36 41 43 46 51 53 56 57 58 60 62 63 64 65 66 68 69 72 73 74 79 80 84 86 2 9 13 14 20 23 24 26 27 29 35 38 40 42 44 47 50 52 54 59 61 70 81 83 89 93 96 98 99 94 
89 67 3 6 9 12 15 25 26 27 29 31 32 35 36 42 44 51 54 55 56 57 59 62 64 65 70 71 74 75 76 79 82 83 84 87 88 10 14 18 19 21 23 24 28 37 40 41 46 49 50 52 53 60 66 67 68 72 73 78 80 85 86 92 96 97 99 90 91 
90 67 0 3 4 9 15 16 17 21 25 27 29 30 33 36 40 42 44 45 46 49 50 53 58 65 70 71 72 76 81 83 84 85 8 11 12 18 19 31 32 35 37 38 39 48 52 56 57 59 60 61 63 64 73 75 80 82 86 87 89 91 92 93 96 98 95 97 99 
91 62 0 1 2 4 5 7 11 13 15 19 20 22 25 31 33 36 39 51 54 56 64 66 68 69 70 71 73 78 79 80 82 85 90 9 10 12 21 24 28 30 38 41 42 43 44 46 50 52 55 58 63 65 67 72 76 84 89 93 96 92 95 99 
92 62 3 4 5 8 9 11 12 14 16 18 19 23 24 27 28 30 31 35 37 38 39 43 46 51 55 62 66 67 68 70 71 75 77 81 84 89 90 1 10 13 21 25 26 36 41 48 49 52 53 56 57 64 65 74 78 79 83 87 91 96 97 93 
93 70 0 1 5 7 10 11 12 16 18 20 21 23 24 25 28 29 32 35 38 39 40 41 43 45 50 52 53 58 59 64 65 68 71 72 73 75 80 88 90 91 8 9 13 17 26 27 31 33 34 42 44 46 51 60 63 66 67 70 74 81 83 85 86 92 94 97 98 99 95 96 
94 60 6 7 8 9 11 12 15 16 25 29 37 38 43 44 46 47 50 52 53 54 55 56 57 67 69 70 71 73 74 75 78 79 82 84 93 0 2 3 4 18 20 24 32 33 34 35 40 42 45 51 58 59 63 64 66 72 83 88 98 99 
95 58 0 1 8 10 16 19 20 23 24 31 32 40 42 46 52 59 60 61 65 67 69 73 75 76 79 83 85 87 2 9 13 15 18 21 25 26 30 33 38 39 49 53 56 57 58 68 70 71 77 78 80 82 90 91 93 97 98 99 
96 66 1 3 8 10 17 18 22 24 25 26 30 33 34 35 36 39 40 41 45 46 47 48 50 56 58 59 61 63 70 71 72 75 76 77 79 83 84 86 87 88 89 90 91 92 0 2 5 7 14 20 23 27 28 29 31 32 42 54 62 64 65 81 93 98 99 97 
97 57 0 3 4 8 9 11 21 22 24 25 26 28 30 31 34 39 42 43 44 49 51 52 55 58 61 64 71 75 78 80 81 85 89 92 93 95 6 14 16 29 32 37 41 46 53 54 59 63 65 72 77 79 82 86 90 96 98 
98 63 0 1 3 7 11 13 15 16 18 24 29 34 40 41 42 45 48 49 50 52 55 61 62 64 66 69 70 73 77 79 80 81 86 88 90 93 94 95 96 14 17 20 22 27 28 30 32 35 36 39 51 54 58 59 63 65 67 71 75 78 82 83 97 
99 60 1 5 7 9 10 11 14 17 18 19 20 21 22 24 25 27 37 39 48 49 50 55 57 61 62 63 68 76 77 84 86 88 89 93 94 95 96 2 3 6 8 16 23 30 32 35 36 43 45 47 70 73 75 78 79 80 82 83 90 91 
